------
Training Schedule: [('random_agent.py', 500)]
SUBSET_SIZE: 0.3
MUTATION: 0.01
Average Fitnesses: []
Current Best Population: None
Current Best Fitness: 1
NUM_ROUNDS: 500
Current Round: 1
Fitness Function: ['cleaned']
------
1.675 3.425 3.225 4.9 4.6 5.1 5.825 5.9 6.75 7.15 6.0 7.025 5.825 5.925 5.225 6.275 5.25 5.875 5.8 5.55 5.65 6.3 7.85 6.825 7.55 6.65 5.45 7.075 5.875 6.55 6.125 6.8 6.025 7.075 6.925 6.175 7.05 7.775 7.55 7.375 7.025 6.925 7.575 7.25 6.675 6.875 7.55 7.05 5.8 7.8 6.25 7.225 7.2 6.45 7.625 7.3 6.375 5.525 7.175 5.275 7.175 7.45 6.25 6.375 6.15 6.65 7.3 6.625 8.15 7.4 6.9 6.675 7.15 7.625 6.15 7.375 6.6 7.075 6.15 5.15 6.525 6.6 7.3 6.375 6.775 7.125 7.275 6.175 7.325 6.85 7.325 7.275 6.875 7.2 7.075 6.575 7.15 7.075 7.0 7.75 7.025 7.975 6.975 7.425 7.65 7.55 6.175 7.925 7.125 7.1 8.575 7.0 6.15 8.5 7.475 7.225 6.475 6.65 6.7 6.45 6.875 5.65 7.2 6.9 6.725 6.65 6.65 7.775 6.0 7.0 6.975 6.15 6.45 6.9 6.85 6.725 7.15 7.9 7.575 7.275 6.4 7.675 7.6 5.95 7.8 7.2 6.9 7.575 6.55 7.075 7.325 7.75 7.025 8.25 7.75 7.375 7.425 7.55 6.9 7.45 7.1 7.725 7.9 8.325 6.825 6.9 7.675 8.025 7.4 7.1 7.65 7.05 7.225 7.4 6.85 6.25 7.5 7.75 8.425 7.525 7.4 6.7 7.6 8.3 8.1 6.5 6.725 6.9 8.05 8.25 6.8 8.65 7.05 7.5 6.95 7.4 7.2 7.125 7.375 8.15 7.075 7.375 7.425 7.425 7.7 7.875 8.45 7.0 8.3 8.025 7.15 7.325 8.175 6.35 7.575 7.1 8.05 7.825 7.25 6.9 7.775 7.275 7.1 7.275 7.0 7.775 7.375 7.325 7.475 6.95 6.575 7.775 7.225 7.4 7.3 8.2 6.825 6.825 7.675 7.8 7.275 8.575 8.6 6.525 7.7 6.025 6.9 7.2 7.225 6.8 6.6 5.85 7.875 6.525 7.85 7.45 7.3 6.825 7.375 7.325 7.55 7.125 6.8 8.45 8.45 6.275 7.8 8.025 6.975 7.8 8.175 7.45 7.25 8.575 7.725 8.25 7.825 7.975 7.425 7.25 7.475 7.5 7.575 7.575 6.35 5.75 7.225 6.175 6.95 6.35 6.875 6.425 6.95 6.325 5.425 7.575 5.175 7.325 6.525 6.175 6.8 7.025 7.425 6.025 7.625 6.325 8.725 6.35 6.725 7.725 6.75 7.6 7.35 6.55 8.675 5.875 7.25 6.525 7.425 6.875 7.3 7.375 8.1 6.75 6.875 6.875 6.5 7.2 6.45 5.825 7.25 7.225 6.325 6.8 7.35 7.125 7.6 6.975 6.0 6.05 7.025 7.075 7.4 7.425 6.9 7.2 7.05 7.025 8.75 7.25 7.625 7.75 6.425 7.325 7.75 7.25 7.2 7.2 7.05 7.1 7.5 7.425 7.65 7.0 7.875 7.525 6.775 5.75 7.925 7.75 6.875 7.05 7.675 8.35 6.275 8.625 6.75 7.925 7.425 7.45 7.45 8.175 7.275 8.85 7.675 6.625 7.05 7.625 7.925 6.925 7.775 7.525 6.775 8.0 7.225 7.375 7.15 6.95 6.275 7.65 8.05 6.825 8.7 6.7 7.85 6.95 7.15 7.825 6.3 7.55 8.35 7.1 6.8 7.35 8.25 8.5 7.3 8.625 7.775 8.175 6.625 7.0 6.5 7.925 8.025 7.725 6.875 5.45 7.175 6.075 6.425 6.85 7.625 6.625 7.45 6.575 7.65 7.825 7.925 7.55 7.3 6.475 7.775 7.675 8.075 7.275 7.025 8.4 7.125 8.225 7.7 7.175 6.85 7.425 7.925 5.925 7.175 6.85 6.55 7.1 7.9 7.775 7.125 6.825 7.6 7.125 7.625 7.575 7.725 6.35 8.9 7.425 7.375 6.25 8.2 7.925 7.45 7.275 7.925 7.325 7.0 7.275 7.375 7.275 7.225 7.9 7.475 7.425 7.9 7.075 7.975 6.75 6.25 7.475 7.6 7.1 7.575 6.325 8.6 
------
Training Schedule: [('random_agent.py', 500)]
SUBSET_SIZE: 0.3
MUTATION: 0.01
Average Fitnesses: []
Current Best Population: None
Current Best Fitness: 1
Elite percentage: 0.2
NUM_ROUNDS: 500
Current Round: 1
Fitness Function: ['cleaned']
------
1.6 2.9 3.4 3.05 3.85 4.05 4.825 5.725 6.65 6.2 6.825 6.725 5.525 5.625 5.825 5.65 5.625 5.4 5.675 5.05 6.25 5.9 7.025 5.9 6.425 7.425 7.05 6.35 4.775 6.0 5.425 5.6 6.725 7.1 6.2 6.325 5.35 6.975 5.925 6.55 7.25 6.4 6.05 6.425 6.575 5.05 5.95 5.225 5.3 6.225 4.675 5.6 6.275 6.425 6.6 6.55 5.7 4.875 5.5 3.725 6.45 6.625 5.05 5.825 5.2 4.65 5.65 5.725 7.225 6.45 7.025 6.425 6.725 7.0 5.875 7.325 4.975 5.25 5.4 4.35 6.2 6.225 6.0 5.2 5.625 6.425 7.275 5.0 6.2 5.8 6.1 6.475 5.7 5.975 6.45 5.95 6.65 6.375 5.75 6.1 6.325 6.75 6.125 5.35 5.475 6.675 5.35 6.325 6.475 5.75 5.775 6.2 5.075 5.175 5.95 5.875 5.55 6.15 5.8 6.3 6.425 5.45 6.375 6.25 6.675 6.3 6.2 5.95 5.775 7.25 7.15 5.55 6.35 6.025 6.9 5.75 6.5 7.075 7.2 6.275 6.525 7.8 7.475 6.175 7.45 7.8 8.55 7.725 7.625 8.95 8.825 8.125 7.5 8.625 8.45 7.775 7.1 7.75 6.825 8.025 7.875 7.55 7.425 7.675 6.375 7.625 6.85 7.55 7.325 7.475 8.6 8.2 9.35 8.925 8.5 6.475 8.05 8.4 7.625 8.775 8.725 7.475 7.6 7.3 7.525 8.9 7.525 7.625 8.15 8.1 7.8 8.425 7.775 8.125 8.175 8.1 8.4 8.375 7.925 8.05 7.8 6.8 7.9 8.425 8.1 7.825 9.1 8.1 8.525 8.1 8.05 7.55 8.525 7.775 8.9 8.575 7.75 7.45 7.225 7.525 8.2 6.525 7.15 8.225 8.8 8.1 9.075 7.375 8.675 6.5 8.125 7.15 7.85 8.475 8.175 9.025 8.3 8.0 8.225 8.325 8.05 8.025 7.725 8.025 8.375 6.4 8.45 8.25 8.475 8.5 7.7 6.5 7.875 8.35 9.625 7.975 7.8 7.3 8.575 8.875 8.4 8.1 7.85 9.0 8.725 7.95 8.325 7.55 7.5 7.925 8.0 7.6 8.0 8.0 8.35 7.575 7.475 9.3 8.55 7.725 7.625 7.3 7.6 7.475 7.6 7.125 7.025 7.55 7.675 7.5 7.8 7.925 7.325 8.15 8.6 9.4 8.425 6.975 7.625 7.725 7.25 8.6 8.2 7.375 7.925 7.375 8.925 8.0 8.35 8.85 7.625 7.75 7.425 7.45 7.7 6.925 9.525 6.525 7.95 7.625 8.125 8.325 7.925 8.15 8.325 7.9 8.0 7.3 7.925 7.65 7.55 8.625 7.725 9.2 8.3 7.475 7.6 7.475 6.25 6.85 7.3 7.875 8.1 6.825 6.675 7.725 7.225 6.625 7.925 7.675 7.875 7.775 7.4 8.65 8.025 8.125 8.05 6.325 7.15 7.8 7.75 8.6 8.125 7.775 7.825 8.125 7.475 7.525 8.475 8.225 6.85 6.975 8.65 6.875 7.725 7.95 7.475 8.175 7.1 8.1 8.4 7.7 7.875 7.95 7.05 6.125 7.7 8.15 7.725 8.025 7.075 7.825 7.65 7.925 7.0 7.125 7.65 7.55 6.85 6.95 8.15 6.8 7.725 7.1 7.075 6.175 7.125 7.2 6.85 6.925 8.125 6.575 7.525 6.925 7.4 8.05 6.775 7.625 7.2 6.95 6.775 6.5 7.125 7.925 7.8 7.8 6.65 6.05 7.075 7.275 7.175 7.025 7.9 8.05 7.475 7.4 7.925 7.9 9.05 6.55 8.325 7.5 7.4 7.125 7.775 6.725 7.75 8.475 7.275 7.225 7.7 7.2 6.075 8.5 8.25 6.5 7.2 7.7 7.1 6.525 8.625 8.325 6.175 8.0 7.375 7.625 8.225 6.625 8.025 7.6 7.675 7.45 6.85 6.075 6.85 7.45 7.0 7.65 7.275 7.75 6.975 8.025 8.375 7.9 7.55 7.175 8.0 7.25 7.575 7.775 7.525 7.35 7.375 7.3 8.225 7.8 6.775 7.925 7.625 
------
Training Schedule: [('random_agent.py', 500)]
SUBSET_SIZE: 0.3
MUTATION: 0.01
Average Fitnesses: []
Current Best Population: None
Current Best Fitness: 1
Elite percentage: 0.2
NUM_ROUNDS: 500
Current Round: 1
Fitness Function: ['cleaned']
------
1.425 2.825 3.05 3.775 3.55 5.15 4.375 4.125 5.15 6.8 5.95 6.725 4.875 5.125 5.025 5.7 5.1 5.175 6.325 5.25 6.075 5.65 5.975 6.225 6.325 8.425 6.4 6.2 5.275 7.2 5.875 6.225 6.025 7.725 7.225 6.425 6.775 7.1 7.725 7.525 8.15 7.95 7.1 6.725 7.2 6.375 7.35 7.35 7.5 7.35 5.825 7.025 7.675 7.475 7.6 6.775 7.65 6.675 6.7 6.175 8.05 7.1 6.65 7.925 7.725 6.75 7.525 7.525 6.8 7.225 7.125 6.425 7.7 7.875 6.875 8.0 7.6 6.475 6.55 6.325 6.675 6.525 7.55 6.9 6.95 7.525 7.75 6.125 7.35 7.3 7.325 7.6 6.225 7.0 7.75 7.4 7.075 6.6 6.675 7.2 6.45 8.125 7.3 6.45 6.8 7.975 6.875 7.95 7.575 7.375 7.45 6.55 6.45 8.25 7.375 7.925 7.275 7.525 7.5 7.6 7.825 6.75 7.025 7.375 7.1 6.55 7.575 8.45 6.65 6.875 8.1 6.625 8.0 7.075 6.2 6.95 6.225 7.5 6.5 6.15 6.25 7.05 5.975 6.35 7.05 6.5 6.325 6.35 5.475 5.925 6.3 5.9 5.95 7.35 6.825 6.625 6.075 6.325 5.45 5.875 6.475 6.875 6.75 5.95 5.675 6.45 6.275 7.125 7.325 6.5 7.1 6.975 7.35 7.15 7.0 6.85 6.725 6.675 7.475 7.625 8.0 6.175 6.875 5.95 6.95 7.0 5.5 6.85 7.275 7.025 7.05 7.975 8.025 6.85 6.925 7.45 6.275 7.075 6.85 6.875 6.95 7.15 7.725 6.525 7.775 7.25 7.85 6.9 7.3 7.875 7.225 7.1 6.65 7.7 7.15 7.3 7.275 7.6 6.875 7.125 6.975 7.475 6.65 7.625 7.75 7.575 6.525 5.525 7.575 6.525 7.475 6.95 7.275 7.925 7.425 7.725 7.4 6.15 7.1 7.025 6.65 7.3 6.875 7.1 7.425 6.9 7.325 7.675 7.775 7.225 7.55 6.4 7.425 6.95 7.125 7.5 7.25 8.15 8.15 7.775 8.4 8.125 7.4 8.35 7.45 7.175 7.625 7.65 7.475 7.925 7.65 7.4 7.4 7.2 7.1 8.7 7.95 7.175 7.225 7.925 7.075 7.725 7.125 7.8 7.8 6.575 7.75 7.3 7.525 6.925 7.2 7.7 7.275 8.45 7.075 7.975 6.65 7.6 6.625 6.7 7.125 7.525 7.525 6.325 7.575 6.825 8.225 7.75 6.9 7.775 6.275 7.4 9.075 8.1 7.525 6.525 7.55 7.1 6.55 7.725 7.35 7.25 8.1 7.05 7.05 7.1 5.875 6.475 7.65 7.65 7.825 7.725 6.85 7.25 7.75 7.0 7.725 7.6 6.725 6.275 7.25 7.45 8.575 8.125 7.6 7.025 7.475 6.55 8.4 7.2 7.5 8.05 7.7 7.95 7.7 7.775 8.125 7.675 8.575 8.125 7.8 8.05 7.85 9.0 7.75 8.2 7.325 6.95 7.65 8.05 7.55 7.25 8.225 7.85 7.25 7.85 7.175 7.475 7.775 7.4 8.5 8.35 7.3 7.875 7.825 7.55 8.45 8.475 7.275 7.625 7.375 7.0 7.175 8.25 7.425 7.125 8.225 7.475 6.15 7.25 7.325 6.05 7.55 5.4 7.05 6.825 7.375 7.05 6.075 6.6 7.375 7.6 7.5 6.825 7.675 7.875 6.775 7.525 6.675 7.3 6.65 6.575 6.1 6.825 7.475 8.225 6.225 5.65 6.8 6.95 6.95 6.675 7.1 7.5 7.55 6.35 6.225 7.175 7.175 7.325 8.125 7.35 7.05 7.45 7.9 6.25 7.425 7.6 6.675 7.35 6.825 6.7 5.75 7.0 7.95 6.0 7.5 7.1 6.55 7.375 6.725 7.4 7.2 7.15 7.075 6.925 6.95 6.475 7.375 5.825 8.225 6.625 6.625 6.85 7.425 6.95 6.55 7.575 7.225 6.6 6.1 7.85 7.175 6.9 6.95 7.275 6.95 7.925 6.65 7.275 7.5 5.8 6.45 7.475 7.95 6.525 7.35 6.925 
Best average fitness: 9.075
------
Training Schedule: [('random_agent.py', 500)]
SUBSET_SIZE: 0.3
MUTATION: 0.01
Average Fitnesses: []
Current Best Population: None
Current Best Fitness: 1
Elite percentage: 0.2
NUM_ROUNDS: 500
Current Round: 1
Fitness Function: ['cleaned', 'visits']
------
8.05 12.875 21.975 26.525 22.9 23.375 27.175 21.225 21.675 27.05 21.45 20.2 17.55 26.3 25.8 23.275 23.825 20.775 26.2 22.8 21.35 21.85 24.025 16.25 20.125 25.725 25.175 20.5 30.075 22.175 22.85 23.6 27.775 25.15 23.925 22.775 23.65 22.875 24.825 19.025 25.2 24.45 28.25 27.175 21.4 26.15 26.075 19.525 21.375 21.725 26.2 30.475 25.7 28.35 23.425 26.8 22.825 24.575 27.45 24.05 21.475 20.875 23.2 25.375 25.05 26.075 24.7 26.1 24.275 20.8 21.3 19.05 25.2 18.6 24.875 24.175 22.8 21.925 20.6 20.625 23.65 24.1 23.2 26.725 22.725 22.55 22.1 23.475 22.825 23.725 21.3 26.3 24.275 22.375 18.8 26.3 21.625 21.175 21.975 21.5 19.575 22.3 24.5 19.45 21.775 18.4 22.0 21.6 24.4 23.65 19.725 27.075 20.15 20.425 21.25 18.025 22.5 29.075 21.925 19.05 19.25 23.65 18.9 20.075 25.0 24.025 20.3 24.025 24.275 24.025 30.4 18.425 27.325 26.95 27.125 22.375 25.625 22.2 26.125 19.925 23.025 22.925 24.15 26.25 29.4 22.925 26.05 26.675 24.775 21.925 28.725 23.575 25.025 21.6 23.05 24.35 21.575 26.375 24.7 24.9 25.9 23.925 26.1 20.7 21.025 20.975 23.775 22.875 24.125 22.15 21.325 29.9 24.0 21.175 21.275 22.825 21.825 27.15 21.2 25.525 28.425 23.3 25.0 24.05 24.975 26.5 20.125 24.0 23.35 24.45 25.475 20.25 25.3 25.975 22.7 22.475 22.575 18.7 22.225 20.075 27.2 24.625 24.725 26.75 23.45 21.75 24.95 26.1 23.75 26.175 23.575 23.725 25.975 26.1 23.575 24.125 23.175 23.075 21.75 20.125 23.525 27.425 21.175 22.2 21.15 23.65 25.575 24.7 24.2 19.925 16.975 20.475 24.125 26.45 19.975 22.625 17.575 22.625 22.5 20.325 16.7 22.125 18.6 22.825 21.975 19.625 22.325 20.9 19.85 17.175 21.2 20.925 20.375 18.525 21.325 19.7 23.875 20.15 21.675 23.35 20.475 25.825 19.825 19.3 22.6 22.9 23.65 16.85 17.75 20.2 25.925 23.3 20.25 22.35 22.025 22.425 24.975 24.8 23.075 27.25 27.575 25.925 26.575 30.175 27.375 26.3 29.75 29.625 27.05 31.55 25.775 27.275 34.6 31.025 30.125 30.975 32.75 33.8 30.675 25.55 31.925 27.875 32.575 23.075 29.45 25.325 30.075 24.225 32.475 27.9 26.65 27.75 28.1 29.05 28.4 30.2 29.475 28.225 26.5 25.9 28.25 24.5 39.625 31.2 29.35 34.15 29.55 28.025 26.25 27.125 28.225 25.675 26.375 27.55 30.625 27.825 24.95 33.2 29.675 29.625 29.4 28.3 30.225 26.175 23.0 23.425 31.75 33.675 27.525 23.575 26.95 25.75 27.225 27.3 31.675 30.7 30.4 29.4 31.575 26.675 27.4 28.35 33.675 24.7 33.65 31.725 27.25 27.85 32.925 31.625 28.625 25.075 26.225 26.25 29.15 25.575 31.55 30.7 30.8 35.15 36.825 31.55 31.45 28.75 22.025 25.25 31.325 26.325 25.275 30.175 28.0 27.15 24.675 25.55 29.575 31.75 27.1 24.975 25.225 25.3 31.275 26.25 28.95 27.225 31.45 21.925 26.95 28.65 28.375 28.85 30.625 30.175 26.85 31.35 31.8 29.125 31.1 29.6 32.825 28.325 28.2 22.95 30.175 28.325 29.45 28.775 31.35 26.1 25.025 27.75 29.45 29.55 27.625 33.65 26.5 25.575 29.875 28.1 29.775 29.675 33.225 23.1 32.125 28.525 32.15 33.675 28.95 30.7 28.675 27.675 29.525 31.2 33.45 31.4 26.8 33.45 33.525 28.125 29.65 33.1 34.875 31.125 29.0 29.525 33.6 31.575 30.325 28.15 32.9 31.0 31.975 37.8 38.475 33.55 40.525 32.925 34.375 30.25 38.75 35.65 35.45 30.45 37.525 30.325 30.35 34.475 39.575 29.05 35.475 32.2 34.1 35.9 36.0 31.85 31.775 30.925 31.25 29.1 
Best average fitness: 40.525
------
Training Schedule: [('random_agent.py', 500)]
SUBSET_SIZE: 0.3
MUTATION: 0.01
Average Fitnesses: []
Current Best Population: None
Current Best Fitness: 1
Elite percentage: 0.3
NUM_ROUNDS: 500
Current Round: 1
Fitness Function: ['cleaned']
------
2.3 3.075 2.6 4.4 4.725 4.175 5.2 5.125 5.95 6.725 5.975 5.725 5.825 6.55 6.55 6.7 5.75 5.675 6.375 6.3 5.75 7.45 7.225 7.525 7.4 7.05 6.725 5.5 7.725 6.4 6.75 6.325 6.425 6.475 5.425 5.475 5.925 7.225 7.8 5.5 7.3 6.875 6.975 7.0 6.425 6.375 6.675 5.8 5.725 7.125 7.425 6.675 5.95 6.825 6.275 6.425 5.525 7.175 6.3 5.725 5.225 6.425 7.55 7.15 5.975 5.775 5.9 6.5 7.45 6.575 7.575 6.45 7.8 6.325 7.05 7.85 7.55 7.975 6.4 6.6 7.45 7.375 7.025 8.15 7.35 7.425 7.725 6.875 6.75 7.825 7.425 6.725 6.45 6.875 7.075 7.225 7.35 6.525 7.35 7.225 7.275 8.525 6.65 7.1 7.2 7.325 6.8 6.875 7.5 8.45 8.1 6.85 6.75 8.0 7.325 6.8 7.425 7.75 7.6 8.575 7.725 7.875 6.525 7.025 8.4 7.325 7.525 7.85 6.7 6.8 7.65 6.775 7.7 7.325 7.0 6.825 8.025 7.175 7.55 7.35 5.95 6.5 7.675 7.275 7.3 7.7 7.525 7.775 7.575 7.925 7.65 6.625 7.575 6.925 7.75 6.325 6.95 6.4 6.525 7.55 8.475 7.025 8.5 6.2 6.575 6.85 7.125 7.725 6.725 6.65 7.575 7.45 8.025 6.3 6.85 6.975 7.075 7.65 8.025 7.05 7.425 8.375 7.825 7.95 7.975 7.9 6.475 7.575 7.925 8.5 7.725 6.375 7.6 7.6 7.175 7.525 8.025 6.475 7.275 7.125 6.575 7.05 7.85 7.575 6.9 7.825 8.5 7.425 8.4 7.95 7.95 7.05 8.15 7.7 6.9 8.35 7.475 6.825 7.975 7.65 8.5 7.8 7.3 7.425 7.975 7.575 7.1 7.5 7.75 7.75 7.975 7.375 7.5 7.45 7.275 7.65 7.625 7.8 7.225 7.75 6.625 8.325 8.1 8.45 7.0 6.775 6.825 7.25 8.4 6.9 7.775 7.95 7.95 6.675 8.175 7.8 8.4 7.3 7.6 7.475 7.725 7.9 6.225 7.3 7.5 7.625 8.15 7.6 7.725 8.15 7.45 7.1 7.275 7.05 7.4 7.325 7.55 7.15 6.925 7.825 7.025 7.6 8.075 8.25 7.575 6.875 7.975 7.675 8.35 7.625 7.6 8.325 8.75 8.325 8.6 8.65 7.625 8.475 8.175 7.4 7.825 6.975 8.15 6.875 8.625 7.7 7.825 7.05 7.125 8.875 7.275 7.75 8.25 7.55 6.0 6.575 7.425 7.25 7.05 7.25 6.475 7.125 8.625 6.975 7.35 8.45 7.375 6.775 7.2 7.675 7.175 7.775 7.875 6.85 7.8 7.825 7.325 5.775 7.2 7.05 6.5 7.45 7.025 7.025 7.425 7.35 7.175 6.35 7.825 7.325 6.525 7.55 7.25 7.775 7.025 7.6 7.3 7.25 8.925 8.425 7.225 7.125 7.35 7.975 8.325 6.7 6.75 6.225 8.2 7.775 6.65 7.625 8.025 8.35 8.225 7.625 8.025 6.775 7.275 7.925 8.425 8.1 8.675 7.825 7.675 7.2 8.475 7.375 7.875 8.2 7.275 7.5 7.325 8.25 7.475 7.0 7.175 7.175 8.25 6.0 7.925 7.55 7.125 7.025 8.625 6.425 7.375 7.85 6.975 8.45 6.975 7.125 6.8 7.625 8.6 7.725 8.65 8.275 7.425 7.3 7.9 7.525 7.95 8.075 8.05 7.075 8.25 6.8 8.0 6.9 7.575 6.8 6.95 7.975 7.75 7.3 6.275 7.825 6.575 7.35 6.675 7.45 7.875 6.925 7.575 7.275 7.7 8.05 6.575 8.175 7.425 8.775 7.125 8.0 8.275 6.975 6.45 7.05 8.4 8.0 8.675 6.4 6.6 7.25 7.425 7.025 7.775 7.625 6.8 8.0 7.6 7.8 7.025 6.25 7.3 7.475 8.675 7.875 6.2 7.475 5.875 7.05 7.35 7.575 7.85 6.9 7.5 6.475 8.05 7.9 8.325 7.45 6.85 7.475 7.65 8.2 7.75 8.65 
Best average fitness: 8.925
------
Training Schedule: [('random_agent.py', 500)]
SUBSET_SIZE: 0.3
MUTATION: 0.01
Average Fitnesses: []
Current Best Population: None
Current Best Fitness: 1
Elite percentage: 0.4
NUM_ROUNDS: 500
Current Round: 1
Fitness Function: ['cleaned']
------
2.05 3.075 2.85 3.8 4.625 4.65 5.725 5.675 5.95 7.3 6.45 5.9 5.475 6.225 6.325 7.0 5.6 6.275 6.85 6.075 5.725 5.65 6.625 6.75 7.65 6.65 6.575 6.15 7.3 6.725 6.425 5.975 6.7 7.45 5.85 5.125 6.5 6.95 7.4 5.125 6.775 6.75 6.975 6.35 6.25 7.375 6.825 6.25 6.9 6.525 6.45 6.775 6.5 7.125 5.775 6.25 6.925 6.45 7.225 5.925 6.025 6.125 5.825 7.0 5.55 5.925 6.15 5.975 7.05 7.1 5.275 5.675 6.175 5.1 6.175 6.75 6.075 7.05 5.65 5.325 6.575 5.775 6.15 6.55 6.6 6.2 6.125 5.675 5.625 5.8 6.325 6.5 6.0 6.075 5.675 5.375 6.75 6.05 6.3 5.9 5.975 6.375 5.1 6.375 5.675 6.175 6.525 6.45 6.95 6.45 6.7 4.65 5.8 6.55 6.35 5.15 5.125 7.25 6.375 6.95 5.725 6.1 4.975 7.15 6.775 5.95 7.025 7.2 5.925 6.1 6.375 6.175 6.6 6.2 7.1 6.025 6.725 6.45 6.6 5.55 4.35 5.575 6.725 5.725 6.275 6.475 5.35 6.275 6.475 6.275 6.425 6.275 6.225 6.45 6.425 5.375 6.05 6.275 5.3 6.9 7.675 6.35 7.725 6.15 5.65 5.35 6.05 6.1 5.225 6.625 6.45 6.5 6.575 5.4 6.6 5.825 5.5 7.0 6.725 7.075 6.5 7.0 6.55 6.85 6.725 6.3 6.15 6.475 5.725 6.3 5.225 6.45 6.325 5.95 6.15 5.6 5.775 4.45 5.2 5.9 6.125 5.9 6.225 5.8 5.725 6.1 6.2 6.425 6.1 5.95 5.675 5.9 6.65 6.15 7.15 5.825 6.525 5.95 6.075 6.35 6.825 6.025 5.6 6.275 5.65 7.225 5.625 6.025 6.9 6.875 5.65 6.0 6.225 6.45 6.15 5.875 6.925 5.875 6.85 6.225 5.85 6.725 6.625 7.4 5.75 5.9 6.075 5.975 7.625 5.225 5.25 6.125 5.75 5.575 6.375 5.375 5.65 6.65 6.075 6.45 6.475 5.5 5.975 5.975 6.5 5.55 6.775 5.925 4.975 6.475 6.65 6.325 6.175 7.425 5.975 7.05 6.875 6.825 7.325 7.1 6.65 5.575 7.35 7.2 6.325 7.025 7.0 7.4 6.225 6.975 6.95 6.55 7.925 7.0 6.625 6.925 5.95 8.125 7.15 6.175 6.675 7.425 7.75 6.225 7.7 7.075 7.225 5.975 7.15 6.925 6.675 6.7 7.25 6.8 6.75 6.35 7.1 6.45 6.8 6.8 6.075 6.4 7.625 6.95 6.6 6.525 5.9 6.625 7.225 8.125 6.875 6.375 6.4 6.775 6.625 7.15 6.675 6.5 7.1 6.25 4.8 6.0 7.875 6.15 5.65 7.6 5.525 6.075 7.3 6.45 6.175 6.125 5.375 6.025 7.5 7.275 6.9 7.05 7.925 7.65 6.725 7.65 7.9 6.975 7.975 6.8 6.875 5.85 7.3 6.25 6.4 5.525 6.075 5.4 6.35 5.65 5.0 6.35 5.4 6.0 5.9 6.625 6.95 6.975 5.8 5.45 6.4 7.225 7.55 6.525 6.275 6.7 5.725 5.425 5.925 5.975 6.7 5.975 6.925 5.7 6.7 6.025 4.9 6.125 5.525 5.875 5.375 6.9 5.85 6.275 7.775 6.5 6.05 6.35 7.5 6.85 6.9 7.1 6.875 6.175 6.225 6.925 5.975 6.925 6.15 5.975 6.85 5.225 5.85 6.225 6.675 5.375 5.575 6.95 6.575 7.325 5.575 6.85 5.525 6.1 7.275 5.725 6.875 5.5 6.175 6.3 6.425 6.725 5.7 5.775 6.9 7.375 6.125 6.275 6.8 6.475 5.25 6.025 6.25 6.875 6.55 5.325 6.125 6.075 7.05 6.05 5.55 6.75 5.6 6.325 6.575 5.625 6.625 5.125 6.325 5.875 7.75 6.85 7.075 5.125 5.175 6.725 6.075 6.075 7.05 5.475 6.025 5.525 6.85 6.15 6.15 5.825 5.925 6.425 5.975 6.05 6.85 6.625 
Best average fitness: 8.125------
Training Schedule: [('random_agent.py', 500)]
SUBSET_SIZE: 0.3
MUTATION: 0.02
Average Fitnesses: []
Current Best Population: None
Current Best Fitness: 1
Elite percentage: 0.4
NUM_ROUNDS: 500
Current Round: 1
Fitness Function: ['cleaned']
------
2.3 3.45 3.475 3.9 4.225 3.625 3.775 4.0 4.45 4.325 4.55 4.1 4.4 4.425 4.525 4.5 5.175 4.175 4.925 3.925 4.9 4.725 3.525 3.8 3.975 4.575 4.375 4.325 3.8 4.975 4.875 4.275 5.175 4.975 5.4 3.725 4.025 3.975 3.85 4.65 5.65 5.125 4.55 4.375 4.175 4.625 4.075 5.625 4.725 4.425 4.225 5.675 4.125 4.9 5.3 4.575 4.55 4.175 4.875 3.325 4.025 4.425 3.475 4.725 4.475 4.2 4.625 4.425 4.3 4.85 4.225 4.7 4.475 4.225 4.875 5.25 4.225 4.4 4.075 4.05 4.3 4.525 5.175 4.25 4.575 4.85 5.4 4.15 5.05 4.5 4.3 4.375 4.625 4.3 4.575 4.45 4.15 5.15 4.375 4.575 4.3 4.45 4.95 3.85 5.25 5.025 4.975 4.975 4.5 3.825 4.625 5.55 4.825 3.95 5.4 4.7 5.475 5.2 5.1 4.925 4.65 4.575 4.175 4.125 4.2 4.925 4.425 5.3 3.675 5.525 4.825 3.125 4.9 3.575 4.4 4.25 4.05 4.35 4.95 4.55 3.625 4.8 4.7 4.45 5.6 4.925 4.625 3.925 4.5 3.975 6.35 4.7 4.675 4.8 4.925 4.7 4.725 5.2 5.425 5.35 4.575 5.175 4.9 5.425 5.2 5.925 5.575 6.35 5.9 4.95 6.45 6.8 5.4 5.675 6.15 6.875 7.0 6.4 6.975 7.05 7.725 7.875 6.45 6.9 9.175 8.5 7.5 8.05 7.925 7.85 7.1 8.45 8.475 8.125 7.175 7.8 7.75 7.425 8.325 8.8 7.65 6.925 8.35 8.3 8.35 8.2 9.0 8.95 7.075 8.075 6.75 8.175 7.8 6.8 8.325 8.375 7.975 7.65 6.8 8.125 9.425 7.7 7.5 8.85 8.425 8.15 8.55 7.675 7.775 7.475 7.35 7.525 7.125 8.15 6.675 8.0 7.4 8.7 9.125 7.225 6.975 7.45 7.775 7.175 8.225 7.025 7.25 6.6 7.075 8.775 8.675 7.725 8.825 7.15 7.875 7.775 6.825 7.4 7.575 6.05 7.175 7.375 7.275 8.175 8.175 8.525 8.875 8.225 7.7 7.375 7.525 9.225 8.1 8.3 7.75 7.575 7.825 7.375 7.575 7.6 7.2 8.05 8.95 8.775 8.825 6.25 8.325 6.775 7.625 7.75 9.15 9.125 9.15 7.525 6.65 8.7 7.125 8.4 7.75 7.625 8.025 8.85 9.975 7.95 8.375 7.7 8.225 8.0 8.375 8.6 7.8 6.875 8.6 7.825 8.775 7.65 8.65 7.775 7.4 8.2 7.775 7.675 8.6 8.85 8.625 7.65 6.575 7.925 8.9 7.225 9.6 7.925 8.425 9.475 8.825 9.475 7.9 8.325 6.55 8.8 7.05 9.6 8.025 8.05 
Best average fitness: 2.0

Previous moves: <my_agent.Cleaner object at 0x7fc4d766fa90>
1.8 2.925 2.925 3.95 3.175 3.225 3.825 3.75 
Best average fitness: 4.25

Previous moves: <my_agent.Cleaner object at 0x7f491e72c760>
