1011
492
1360
984
1360
492
1360
574
574
984
580
564
192
1360
1360
1011
243
492
1190
1190
192
1360
178
1360
1190
984
984
984
1011
1190
1360
1190
178
580
580
580
580
574
1360
1011
984
984
1011
1190
1011
1360
1360
580
1011
64
492
1011
103
492
1011
984
1011
1360
178
580
243
1190
1190
1190
574
64
1360
1011
1011
984
1360
564
1190
1011
243
574
492
1360
1190
1190
984
984
580
564
984
1360
1360
1360
1190
984
1360
1360
1360
1360
243
186
580
186
580
574
1190
1360
1011
243
1360
1011
1190
574
574
492
1360
1190
1360
1360
984
1190
984
1011
574
1190
1011
192
1360
574
492
1011
1011
1011
580
580
574
1190
564
1011
984
492
1190
580
8
984
492
984
574
1360
580
984
564
984
1360
64
492
984
1360
192
574
64
1360
1360
1011
1190
564
1360
984
1360
1360
1011
1011
1360
1190
1011
1190
1190
1011
580
1190
1190
1190
1011
564
1360
1190
984
1011
243
1190
580
1011
1360
580
574
984
1011
1360
186
984
243
574
984
580
1011
574
574
1011
1360
564
580
984
492
1190
1360
1360
1360
1360
1011
492
1011
1360
492
1190
1360
564
1190
492
192
178
564
580
492
1360
178
984
984
492
243
580
1360
186
984
984
1190
984
1360
580
1190
492
8
1360
1360
492
1011
574
580
580
580
580
1360
984
1190
192
1011
1011
1011
1011
1011
564
984
984
492
1360
492
984
984
1360
984
492
984
1011
984
1360
580
1360
1360
580
1190
1190
1011
984
178
580
984
564
492
1190
1011
984
1011
1190
1190
1011
984
103
1011
492
1360
984
1360
574
580
1360
492
1011
1011
574
984
1360
574
574
564
580
564
1360
984
984
574
1360
1190
1011
984
574
492
580
564
1360
243
984
984
243
1360
1360
186
192
564
1011
192
492
1190
243
1360
1190
1360
984
1360
1011
574
492
1360
186
103
1360
1011
64
984
1190
1360
186
1360
1011
1011
1360
564
1190
1190
1190
192
574
192
492
1011
1360
1360
564
243
1190
574
1360
1190
1360
1360
1360
564
492
1190
984
1190
984
1190
1190
564
1190
564
492
1190
1360
580
984
574
492
580
984
580
1011
243
574
1190
574
984
574
1360
1190
1360
580
574
492
564
1360
1011
1011
984
1011
984
1360
1190
1011
564
1011
492
1360
186
1190
580
574
1011
103
1360
1360
1011
1190
1190
243
1011
178
574
243
1011
192
984
1190
1190
186
984
1190
1190
984
1011
580
984
1190
564
1190
1360
564
1011
574
1360
1360
984
1011
492
984
492
243
1360
984
984
1360
1011
574
1190
1360
580
103
1011
1360
580
1011
574
564
580
984
1011


